   60    13
      14      20      18      26      26      32      18      14      16      32      16      36      16      20      32      16      14      14      30      24      16      10      24      18       0       0       0       0       0       0       0       0       0       0       0       0       0       0       0       0       0       0       0       0       0       0       0       0       0       0       0       0       0       0       0       0       0       0       0       0
      14      20      18      26      26      32      18      14      16      32      16      36      16      20      32      16      14      14      30      24      16      10      24      18       0       0       0       0       0       0       0       0       0       0       0       0       0       0       0       0       0       0       0       0       0       0      24      16      24       0       0       0       0       0       0       0       0       0       0       0
      14      20      18      26      26      32      18      14      16      32      16      36      16      20      32      16      14      14      30      24      16      10      24      18       0       0       0       0       0       0       0       0       0       0       0       0       0       0       0       0       0       0       0       0       0       0      24      16      24       8      32      20      18      24      26      24      10      12      40      40
      14      20      18      26      26      32      18      14      16      32      16      36      16      20      32      16      14      14      30      24      16      10      24      18       0       0       0       0       0       0       0       0       0       0       0       0       0       0       0       0       0       0       0       0       0       0      24      16      24       8      32      20      18      24      26      24      10      12      40      40
      14      20      18      26      26      32      18      14      16      32      16      36      16      20      32      16      14      14      30      24      16      10      24      18       0       0       0       0       0       0       0       0       0       0       0       0       0       0       0       0       0       0       0       0       0       0      24      16      24       8      32      20      18      24      26      24      10      12      40      40
      14      20      18      26      26      32      18      14      16      32      16      36      16      20      32      16      14      14      30      24      16      10      24      18       0       0       0       0       0       0       0       0       0       0       0       0       0       0       0       0       0       0       0       0       0       0      24      16      24       8      32      20      18      24      26      24      10      12      40      40
      14      20      18      26      26      32      18      14      16      32      16      36      16      20      32      16      14      14      30      24      16      10      24      18       0       0       0       0       0       0       0       0       0       0       0       0       0       0       0       0       0       0       0       0       0       0      24      16      24       8      32      20      18      24      26      24      10      12      40      40
      14      20      18      26      26      32      18      14      16      32      16      36      16      20      32      16      14      14      30      24      16      10      24      18      20      20      16      26      16      16      20      16      20      24      22      24      10      20      20      30      20      28      28      22      18      20       0       0       0       0       0       0       0       0       0       0       0      12      40      40
      14      20      18      26      26      32      18      14      16      32      16      36      16      20      32      16      14      14      30      24      16      10      24      18      20      20      16      26      16      16      20      16      20      24      22      24      10      20      20      30      20      28      28      22      18      20       0       0       0       0       0       0       0       0       0       0       0      12      40      40
       0       0       0       0       0       0       0       0       0       0       0       0       0       0       0       0       0       0       0       0       0       0       0       0      20      20      16      26      16      16      20      16      20      24      22      24      10      20      20      30      20      28      28      22      18      20       0       0       0       0       0       0       0       0       0       0       0       0       0       0
       0       0       0       0       0       0       0       0       0       0       0       0       0       0       0       0       0       0       0       0       0       0       0       0      20      20      16      26      16      16      20      16      20      24      22      24      10      20      20      30      20      28      28      22      18      20       0       0       0       0       0       0       0       0       0       0       0       0       0       0
       0       0       0       0       0       0       0       0       0       0       0       0       0       0       0       0       0       0       0       0       0       0       0       0      20      20      16      26      16      16      20      16      20      24      22      24      10      20      20      30      20      28      28      22      18      20       0       0       0       0       0       0       0       0       0       0       0       0       0       0
       0       0       0       0       0       0       0       0       0       0       0       0       0       0       0       0       0       0       0       0       0       0       0       0      20      20      16      26      16      16      20      16      20      24      22      24      10      20      20      30      20      28      28      22      18      20       0       0       0       0       0       0       0       0       0       0       0       0       0       0
      14      300
      14      300
      14      300
      14      300
      14      300
      14      300
      14      300
      14      300
      14      300
      14      300
      14      300
      14      300
      14      300
     108      74      51      48     142      22      52      41      68     115      97     134      49      16      27     110      39      28       7     118      62     117      83     103     127     119      48      64     109      44      79      31      26      62      71      19      44      85       5     139      67     120     143     142       3      57      11     107      40     104      67     114      80      49      39      49       3      78      37      49
     408     374     351     348     442     322     352     341     368     415     397     434     349     316     327     410     339     328     307     418     362     417     383     403     427     419     348     364     409     344     379     331     326     362     371     319     344     385     305     439     367     420     443     442     303     357     311     407     340     404     367     414     380     349     339     349     303     378     337     349
